0.932351   1.000000   2.529494   0.000000   
5.000000   0.000000   1.987638   1.000000   
2.157438   2.000000   1.788174   1.000000   
5.000000   0.000000   2.020433   1.000000   
1.422932   1.000000   1.928478   0.000000   
4.498927   1.000000   1.800834   1.000000   
5.000000   0.000000   2.252660   1.000000   
5.000000   0.000000   1.563468   1.000000   
3.297233   2.000000   2.473139   0.000000   
0.383179   2.000000   1.257811   1.000000   
3.791405   0.000000   1.853818   1.000000   
1.166232   1.000000   2.035480   0.000000   
0.122453   2.000000   2.679796   0.000000   
3.873321   2.000000   2.468435   1.000000   
0.393950   0.000000   2.546056   0.000000   
0.044609   1.000000   2.090437   0.000000   
0.157875   2.000000   1.874873   0.000000   
2.045484   1.000000   1.856080   1.000000   
0.615222   1.000000   1.796034   0.000000   
2.983086   1.000000   1.944289   1.000000   
1.600455   1.000000   1.786950   1.000000   
2.085311   2.000000   2.306449   0.000000   
0.612661   0.000000   2.313702   0.000000   
4.877865   2.000000   1.697363   0.000000   
0.481972   1.000000   1.835986   0.000000   
1.751024   1.000000   1.933013   0.000000   
4.688171   2.000000   2.106316   1.000000   
5.000000   0.000000   2.217190   1.000000   
5.000000   0.000000   2.264973   1.000000   
5.000000   0.000000   1.961229   1.000000   
5.000000   0.000000   2.144680   1.000000   
0.345858   0.000000   2.846764   0.000000   
5.000000   0.000000   2.536394   0.000000   
1.624889   1.000000   1.933951   0.000000   
1.978303   1.000000   2.126736   1.000000   
4.287779   2.000000   1.789796   0.000000   
0.247270   2.000000   2.520771   0.000000   
0.436308   2.000000   2.258411   1.000000   
5.000000   0.000000   1.702918   1.000000   
1.483635   1.000000   1.551030   0.000000   
0.379418   2.000000   2.897452   0.000000   
5.000000   0.000000   1.161347   0.000000   
0.059587   2.000000   1.803478   0.000000   
1.928253   2.000000   2.142981   0.000000   
1.175942   2.000000   2.010314   0.000000   
4.433135   0.000000   2.060302   0.000000   
0.484665   1.000000   2.344268   0.000000   
5.000000   0.000000   2.006138   1.000000   
1.261592   2.000000   1.540104   1.000000   
4.853892   2.000000   1.716004   0.000000   
0.580580   1.000000   2.553414   0.000000   
0.474331   1.000000   2.260714   0.000000   
0.188328   1.000000   2.251915   0.000000   
5.000000   0.000000   1.937501   1.000000   
0.509603   2.000000   1.969716   0.000000   
1.798673   0.000000   1.903961   0.000000   
5.000000   0.000000   2.168088   1.000000   
5.000000   0.000000   1.709201   1.000000   
4.160007   0.000000   2.603567   1.000000   
5.000000   0.000000   2.785465   1.000000   
0.248051   1.000000   2.333390   0.000000   
3.729072   0.000000   1.483513   1.000000   
0.146116   1.000000   1.820696   0.000000   
5.000000   0.000000   1.690565   1.000000   
0.824000   1.000000   2.039648   0.000000   
3.654660   0.000000   2.066658   1.000000   
0.192708   1.000000   2.110598   0.000000   
1.328590   1.000000   2.216231   0.000000   
5.000000   0.000000   2.235130   1.000000   
3.768930   0.000000   2.327460   1.000000   
0.125522   1.000000   2.600993   0.000000   
5.000000   0.000000   1.940799   1.000000   
5.000000   0.000000   2.304912   1.000000   
5.000000   0.000000   2.245188   1.000000   
0.945887   1.000000   1.790685   1.000000   
1.452908   2.000000   2.811941   0.000000   
3.421249   0.000000   1.930443   1.000000   
1.102695   2.000000   2.208853   1.000000   
5.000000   0.000000   1.302955   1.000000   
5.000000   0.000000   1.933503   1.000000   
0.680953   2.000000   2.020175   0.000000   
0.893958   2.000000   2.371927   0.000000   
0.522824   1.000000   2.224767   0.000000   
4.061131   2.000000   2.105330   0.000000   
0.726356   2.000000   1.966874   0.000000   
5.000000   0.000000   1.954369   1.000000   
0.440410   0.000000   1.929536   0.000000   
0.727810   0.000000   2.274962   1.000000   
0.892401   2.000000   1.816035   0.000000   
1.071392   1.000000   1.604796   1.000000   
1.001974   1.000000   1.809116   0.000000   
1.237956   2.000000   1.658402   0.000000   
2.535561   2.000000   2.091207   1.000000   
1.266776   2.000000   2.234706   0.000000   
0.054195   0.000000   1.515643   0.000000   
5.000000   0.000000   2.068739   0.000000   
1.899953   2.000000   1.820305   0.000000   
2.278285   2.000000   2.398728   0.000000   
0.024672   1.000000   1.740996   0.000000   
3.251850   2.000000   1.732606   0.000000   
5.000000   0.000000   2.176770   1.000000   
0.430727   1.000000   2.280420   0.000000   
0.397811   1.000000   1.629630   0.000000   
0.243510   1.000000   2.390893   1.000000   
1.193458   1.000000   2.382616   0.000000   
5.000000   0.000000   2.154319   1.000000   
0.629347   1.000000   1.989010   1.000000   
2.500830   1.000000   2.425669   0.000000   
1.099892   2.000000   2.011426   0.000000   
1.856550   2.000000   2.061729   0.000000   
0.970102   2.000000   1.989161   1.000000   
5.000000   0.000000   1.472022   1.000000   
2.410760   0.000000   1.909483   1.000000   
4.455427   2.000000   2.172271   1.000000   
1.088522   1.000000   1.965377   1.000000   
1.255539   1.000000   1.808178   1.000000   
2.262462   2.000000   2.278104   0.000000   
0.944972   1.000000   2.175107   0.000000   
1.180294   1.000000   1.478607   0.000000   
0.711151   2.000000   1.785434   0.000000   
0.591425   2.000000   2.611161   0.000000   
0.009856   2.000000   1.770243   0.000000   
0.322166   1.000000   1.945327   0.000000   
1.029033   1.000000   2.484020   0.000000   
0.132070   0.000000   2.147467   1.000000   
0.069082   2.000000   2.363971   0.000000   
1.102084   2.000000   2.467616   0.000000   
5.000000   0.000000   2.076778   1.000000   
5.000000   0.000000   1.253192   1.000000   
1.017475   1.000000   1.961227   1.000000   
0.751759   1.000000   2.506947   1.000000   
3.344901   1.000000   1.835605   1.000000   
0.927043   1.000000   2.190425   0.000000   
4.812240   2.000000   1.759252   0.000000   
4.485840   1.000000   2.155554   1.000000   
5.000000   0.000000   2.237305   1.000000   
3.976196   0.000000   1.619593   0.000000   
3.573539   2.000000   1.730307   1.000000   
4.054702   2.000000   1.854378   1.000000   
3.491408   1.000000   2.011685   0.000000   
0.171059   1.000000   2.266112   0.000000   
3.326351   2.000000   2.218494   0.000000   
0.173601   1.000000   2.144312   0.000000   
4.098617   1.000000   2.026363   1.000000   
0.491670   2.000000   2.083845   0.000000   
0.035710   2.000000   2.508220   0.000000   
4.435485   2.000000   2.108006   0.000000   
0.762360   1.000000   1.994760   1.000000   
5.000000   0.000000   2.160507   1.000000   
2.369208   2.000000   1.779763   1.000000   
0.144560   2.000000   1.426510   0.000000   
2.495842   1.000000   2.242268   1.000000   
3.086210   1.000000   1.836775   1.000000   
5.000000   0.000000   2.535343   0.000000   
1.628004   2.000000   2.130879   0.000000   
5.000000   0.000000   2.084285   1.000000   
1.268095   2.000000   2.231071   0.000000   
5.000000   0.000000   1.906941   1.000000   
4.840247   2.000000   2.125246   0.000000   
1.977070   1.000000   2.067623   1.000000   
2.821921   2.000000   2.226156   0.000000   
1.470093   1.000000   1.998947   1.000000   
0.349265   2.000000   1.419460   0.000000   
2.316689   2.000000   2.030017   1.000000   
1.937747   2.000000   2.141452   0.000000   
0.205531   1.000000   2.046335   0.000000   
1.776095   0.000000   2.355954   0.000000   
4.414918   2.000000   1.380933   1.000000   
4.586694   0.000000   2.230022   0.000000   
0.385512   1.000000   2.333017   0.000000   
2.203933   1.000000   2.027118   1.000000   
2.107928   2.000000   2.278255   0.000000   
1.194796   1.000000   1.886098   0.000000   
0.366071   1.000000   2.124243   0.000000   
5.000000   0.000000   2.162669   1.000000   
5.000000   0.000000   1.956135   1.000000   
5.000000   0.000000   1.964958   1.000000   
0.689004   1.000000   1.767353   0.000000   
5.000000   0.000000   1.767520   1.000000   
2.452841   1.000000   2.082054   0.000000   
5.000000   0.000000   2.033035   1.000000   
0.763562   1.000000   1.933688   1.000000   
4.456894   1.000000   2.504685   1.000000   
4.920222   2.000000   1.686839   0.000000   
5.000000   0.000000   1.729217   1.000000   
5.000000   0.000000   1.894467   0.000000   
5.000000   0.000000   1.936770   0.000000   
0.186691   1.000000   1.883809   0.000000   
0.010883   1.000000   2.472304   1.000000   
2.339263   1.000000   2.324481   0.000000   
5.000000   0.000000   2.192940   1.000000   
1.764160   1.000000   1.874644   1.000000   
0.284171   1.000000   2.133796   0.000000   
2.927055   2.000000   1.473510   0.000000   
0.992300   1.000000   1.672909   1.000000   
0.595202   1.000000   2.439145   0.000000   
5.000000   0.000000   2.261912   1.000000   
4.067012   2.000000   1.567225   0.000000   
2.030638   1.000000   1.698682   0.000000   
0.009989   1.000000   2.015889   0.000000   
0.264705   2.000000   1.812415   0.000000   
5.000000   0.000000   1.947744   1.000000   
5.000000   0.000000   1.242892   0.000000   
0.188533   1.000000   1.657556   0.000000   
5.000000   0.000000   1.759808   1.000000   
1.595687   0.000000   2.277155   1.000000   
3.696596   0.000000   1.789008   1.000000   
0.013658   2.000000   2.297792   0.000000   
0.613181   1.000000   2.164588   1.000000   
5.000000   0.000000   2.167483   1.000000   
2.228613   0.000000   1.991323   1.000000   
0.629027   2.000000   2.203407   0.000000   
1.065023   2.000000   2.552823   0.000000   
1.131701   1.000000   2.080975   0.000000   
1.714729   0.000000   2.000637   1.000000   
5.000000   0.000000   1.937288   0.000000   
0.354410   2.000000   2.273246   0.000000   
2.441634   0.000000   2.323217   0.000000   
5.000000   0.000000   2.245543   1.000000   
5.000000   0.000000   1.757253   1.000000   
0.859083   2.000000   2.129759   1.000000   
0.343971   1.000000   2.185131   0.000000   
2.334173   1.000000   2.007838   1.000000   
1.709309   2.000000   2.616665   0.000000   
3.839464   0.000000   2.012766   1.000000   
2.038153   0.000000   1.777414   1.000000   
0.790105   2.000000   2.248800   1.000000   
2.939148   0.000000   1.643016   1.000000   
5.000000   0.000000   1.404073   0.000000   
2.794350   2.000000   2.021578   1.000000   
0.150558   1.000000   1.900076   0.000000   
1.421042   2.000000   1.648708   0.000000   
5.000000   0.000000   2.073784   1.000000   
0.580995   2.000000   2.070691   0.000000   
3.135700   2.000000   2.099749   1.000000   
0.414202   2.000000   2.035575   0.000000   
0.132602   2.000000   2.220138   1.000000   
3.217204   2.000000   2.373025   0.000000   
4.936610   2.000000   2.043942   1.000000   
5.000000   0.000000   1.940160   1.000000   
1.250672   1.000000   2.099621   0.000000   
5.000000   0.000000   2.043886   1.000000   
4.869583   2.000000   2.186420   1.000000   
3.731169   2.000000   1.723082   1.000000   
0.182025   2.000000   2.239177   0.000000   
0.650338   2.000000   2.118438   0.000000   
1.421489   2.000000   1.980876   0.000000   
0.010087   1.000000   1.822692   1.000000   
1.056196   2.000000   2.018815   1.000000   
3.655784   0.000000   1.907969   1.000000   
3.732406   1.000000   2.142005   1.000000   
5.000000   0.000000   1.280612   1.000000   
5.000000   0.000000   1.744467   1.000000   
0.670033   1.000000   1.462835   0.000000   
0.691957   1.000000   2.130497   0.000000   
5.000000   0.000000   2.232730   1.000000   
0.256609   0.000000   1.982997   0.000000   
1.662724   1.000000   1.951023   1.000000   
0.160084   2.000000   2.272594   0.000000   
0.849373   2.000000   1.541195   1.000000   
0.026340   2.000000   2.478355   0.000000   
0.306677   1.000000   1.568416   0.000000   
0.444213   1.000000   2.548762   0.000000   
2.872048   1.000000   2.455966   1.000000   
1.566547   2.000000   1.650777   0.000000   
5.000000   0.000000   1.872399   0.000000   
0.632487   2.000000   2.160980   0.000000   
5.000000   0.000000   1.540721   1.000000   
0.252155   2.000000   1.770764   1.000000   
4.282152   1.000000   2.133545   0.000000   
5.000000   0.000000   2.097092   1.000000   
0.492725   2.000000   1.898340   0.000000   
2.448731   1.000000   1.568381   1.000000   
2.630366   0.000000   1.768959   0.000000   
5.000000   0.000000   1.962431   1.000000   
0.572422   1.000000   1.484745   1.000000   
0.084788   0.000000   2.239749   1.000000   
2.248407   2.000000   2.680668   0.000000   
5.000000   0.000000   1.946848   1.000000   
5.000000   0.000000   1.450064   1.000000   
4.305769   0.000000   1.568597   1.000000   
1.304404   1.000000   1.862357   1.000000   
0.155690   1.000000   2.259852   1.000000   
1.758142   0.000000   1.714481   1.000000   
0.039013   0.000000   1.702684   0.000000   
0.121580   2.000000   1.955591   0.000000   
0.829065   2.000000   1.887746   1.000000   
2.868694   1.000000   1.827947   0.000000   
0.053843   1.000000   2.088379   0.000000   
0.660981   2.000000   2.138775   0.000000   
0.120483   1.000000   1.893247   1.000000   
1.318806   1.000000   2.050376   0.000000   
1.442721   2.000000   1.868533   0.000000   
5.000000   0.000000   1.562540   0.000000   
5.000000   0.000000   2.148153   1.000000   
0.830354   2.000000   2.450590   1.000000   
5.000000   0.000000   2.095799   1.000000   
0.083065   0.000000   2.016315   1.000000   
3.849612   1.000000   1.920658   1.000000   
3.814716   0.000000   1.865134   0.000000   
0.032768   0.000000   1.402109   1.000000   
0.837441   0.000000   2.572708   1.000000   
4.119359   2.000000   1.763728   0.000000   
2.750438   2.000000   1.665135   1.000000   
5.000000   0.000000   1.843204   1.000000   
1.044997   2.000000   2.056574   0.000000   
1.535639   2.000000   1.805143   1.000000   
1.549548   1.000000   2.014421   0.000000   
0.910926   1.000000   1.836217   0.000000   
1.733898   1.000000   1.948059   0.000000   
1.641727   1.000000   2.592374   1.000000   
1.564756   2.000000   2.165234   1.000000   
1.923037   1.000000   1.615513   0.000000   
0.926272   1.000000   1.899943   0.000000   
0.633279   2.000000   2.072027   1.000000   
4.046075   1.000000   1.577263   0.000000   
0.370421   2.000000   2.352650   0.000000   
0.501295   2.000000   1.611732   0.000000   
3.422341   1.000000   1.865565   0.000000   
2.723303   2.000000   2.084664   0.000000   
5.000000   0.000000   2.001915   1.000000   
4.717297   1.000000   1.619062   1.000000   
2.289703   2.000000   1.702465   0.000000   
4.886813   1.000000   2.047024   0.000000   
0.643901   1.000000   1.829951   0.000000   
3.617942   2.000000   2.468547   1.000000   
1.594253   2.000000   1.364874   1.000000   
0.852342   1.000000   1.764567   0.000000   
0.358600   1.000000   2.346949   1.000000   
0.152013   0.000000   2.352936   0.000000   
5.000000   0.000000   1.042163   1.000000   
0.533921   1.000000   2.759713   1.000000   
2.070435   2.000000   2.202428   0.000000   
0.882501   2.000000   1.668437   0.000000   
0.079885   1.000000   1.981760   0.000000   
5.000000   0.000000   1.585241   0.000000   
2.959016   2.000000   2.339259   1.000000   
4.605654   1.000000   1.998518   1.000000   
0.942012   0.000000   1.867811   1.000000   
2.639014   2.000000   1.951809   0.000000   
2.655951   1.000000   1.627894   0.000000   
1.435333   1.000000   2.154768   1.000000   
5.000000   0.000000   2.052097   1.000000   
5.000000   0.000000   2.000760   0.000000   
0.584088   1.000000   1.815815   1.000000   
0.236500   1.000000   2.046675   0.000000   
1.697103   1.000000   1.906787   0.000000   
5.000000   0.000000   1.858396   1.000000   
2.384141   2.000000   1.763908   0.000000   
0.079164   2.000000   2.400082   0.000000   
0.883309   1.000000   2.597076   1.000000   
3.651606   0.000000   2.567557   1.000000   
1.025795   2.000000   2.230398   1.000000   
0.078326   1.000000   1.885542   0.000000   
1.164868   0.000000   1.645529   1.000000   
0.439559   1.000000   1.951049   0.000000   
1.472733   0.000000   2.462773   1.000000   
1.712540   0.000000   2.177899   0.000000   
4.096830   1.000000   2.376472   1.000000   
5.000000   0.000000   2.179842   1.000000   
5.000000   0.000000   1.570436   1.000000   
2.428955   0.000000   1.623567   0.000000   
2.142451   2.000000   2.069520   1.000000   
1.409312   2.000000   1.672160   0.000000   
5.000000   0.000000   2.241422   1.000000   
0.906035   2.000000   2.032920   0.000000   
3.973245   2.000000   1.783290   1.000000   
0.437458   1.000000   2.103692   1.000000   
1.663912   2.000000   1.949270   0.000000   
0.203667   1.000000   1.263186   0.000000   
3.677991   1.000000   1.860001   1.000000   
0.504902   2.000000   2.398946   0.000000   
3.138516   1.000000   2.032089   1.000000   
0.258539   2.000000   2.304234   0.000000   
0.726181   1.000000   1.736177   0.000000   
5.000000   0.000000   2.257631   1.000000   
3.172542   2.000000   1.666872   1.000000   
1.831958   2.000000   1.886766   0.000000   
5.000000   0.000000   2.116856   1.000000   
0.280727   2.000000   1.638906   1.000000   
0.282060   0.000000   1.497584   0.000000   
0.099393   2.000000   2.117489   0.000000   
5.000000   0.000000   2.147189   1.000000   
5.000000   0.000000   2.296857   0.000000   
5.000000   0.000000   2.073241   1.000000   
1.544247   0.000000   1.861421   1.000000   
0.393068   2.000000   1.722250   0.000000   
5.000000   0.000000   1.685915   0.000000   
5.000000   0.000000   1.962736   1.000000   
3.200496   0.000000   2.552502   0.000000   
3.395986   1.000000   2.268632   0.000000   
3.795033   2.000000   2.567024   0.000000   
1.957792   2.000000   2.338218   1.000000   
3.537154   1.000000   2.051489   1.000000   
0.835407   1.000000   1.907825   1.000000   
1.639518   1.000000   1.948855   1.000000   
1.392515   0.000000   1.951951   1.000000   
1.909260   1.000000   2.333804   1.000000   
5.000000   0.000000   1.905652   1.000000   
4.759252   2.000000   1.649364   0.000000   
0.395385   1.000000   2.055159   0.000000   
0.631623   1.000000   2.152352   0.000000   
0.529887   2.000000   2.395956   0.000000   
0.347497   2.000000   2.565246   0.000000   
5.000000   0.000000   2.733094   1.000000   
5.000000   0.000000   2.097935   1.000000   
1.944579   1.000000   1.583889   0.000000   
0.259348   1.000000   1.345589   0.000000   
4.616499   1.000000   2.010750   0.000000   
0.185708   1.000000   1.764201   1.000000   
3.643332   2.000000   1.304564   0.000000   
0.611416   1.000000   1.914222   0.000000   
0.974834   2.000000   1.973053   0.000000   
2.876089   1.000000   2.332963   0.000000   
5.000000   0.000000   2.355386   1.000000   
5.000000   0.000000   1.843042   1.000000   
5.000000   0.000000   2.133242   0.000000   
0.533964   1.000000   2.307200   0.000000   
2.432155   0.000000   1.589785   1.000000   
0.737980   2.000000   1.937196   0.000000   
5.000000   0.000000   1.244613   0.000000   
0.774274   2.000000   2.525280   0.000000   
0.032743   1.000000   1.388995   0.000000   
5.000000   0.000000   1.799001   1.000000   
3.917842   1.000000   1.940255   1.000000   
5.000000   0.000000   2.565767   1.000000   
5.000000   0.000000   2.202378   1.000000   
1.603291   1.000000   1.802387   0.000000   
1.628542   1.000000   2.008539   1.000000   
1.691887   2.000000   1.786265   0.000000   
0.647807   2.000000   2.256833   0.000000   
5.000000   0.000000   2.577373   1.000000   
4.605426   2.000000   1.514139   0.000000   
4.482819   2.000000   2.148435   1.000000   
1.950434   1.000000   2.574334   1.000000   
2.411348   2.000000   1.799019   1.000000   
5.000000   0.000000   2.778267   1.000000   
5.000000   0.000000   2.085586   0.000000   
2.715927   0.000000   1.936595   1.000000   
1.949299   2.000000   2.265623   0.000000   
0.090581   2.000000   2.602631   0.000000   
2.980473   1.000000   1.669592   1.000000   
5.000000   0.000000   2.070206   0.000000   
0.233043   2.000000   2.326486   0.000000   
5.000000   0.000000   2.767482   0.000000   
5.000000   0.000000   2.283076   1.000000   
5.000000   0.000000   2.213558   1.000000   
1.785515   1.000000   1.997909   1.000000   
1.199405   2.000000   1.701527   0.000000   
0.269112   0.000000   2.212896   1.000000   
1.560586   1.000000   1.642800   0.000000   
1.663460   1.000000   2.019145   0.000000   
0.582498   1.000000   2.052538   0.000000   
3.275343   1.000000   1.803050   1.000000   
4.447336   1.000000   2.354499   1.000000   
0.741801   1.000000   2.024554   1.000000   
0.533262   1.000000   1.657222   0.000000   
1.374104   1.000000   2.483328   0.000000   
1.632408   2.000000   2.185846   0.000000   
0.641130   1.000000   1.700000   0.000000   
5.000000   0.000000   2.205924   1.000000   
5.000000   0.000000   1.728960   1.000000   
4.203242   0.000000   1.557163   1.000000   
0.688862   1.000000   2.321568   0.000000   
0.015530   1.000000   2.404033   0.000000   
0.767593   2.000000   1.885574   1.000000   
2.327174   0.000000   1.787982   1.000000   
1.316693   0.000000   1.464202   1.000000   
1.825754   1.000000   2.002240   1.000000   
5.000000   0.000000   1.188192   1.000000   
2.346010   2.000000   2.214127   0.000000   
1.179750   1.000000   1.893189   0.000000   
4.517857   1.000000   2.344605   1.000000   
4.808491   1.000000   1.912142   1.000000   
1.126267   2.000000   2.287885   0.000000   
1.405817   2.000000   1.704883   0.000000   
3.502870   1.000000   1.608269   1.000000   
5.000000   0.000000   1.979856   1.000000   
2.297550   2.000000   2.003550   0.000000   
5.000000   0.000000   2.033219   1.000000   
2.628034   1.000000   1.998954   0.000000   
2.117340   1.000000   2.079890   1.000000   
0.084929   1.000000   2.319141   1.000000   
0.155891   1.000000   2.065071   0.000000   
1.251159   0.000000   1.821927   1.000000   
0.324741   2.000000   2.086866   0.000000   
0.670736   2.000000   1.880698   1.000000   
0.735716   1.000000   1.804197   0.000000   
5.000000   0.000000   2.185090   1.000000   
5.000000   0.000000   2.085896   1.000000   
0.395874   0.000000   2.069060   0.000000   
0.128207   1.000000   2.242298   0.000000   
0.053564   2.000000   1.978309   0.000000   
5.000000   0.000000   1.501262   1.000000   
5.000000   0.000000   2.082569   1.000000   
2.447058   1.000000   1.871401   1.000000   
2.258293   2.000000   1.648338   0.000000   
3.471185   1.000000   2.036822   1.000000   
0.761095   1.000000   2.386738   0.000000   
5.000000   0.000000   1.612491   0.000000   
0.122839   2.000000   2.426851   1.000000   
0.551981   2.000000   1.966375   0.000000   
0.037085   1.000000   2.465707   0.000000   
0.244237   0.000000   2.023453   0.000000   
3.508665   0.000000   1.437615   1.000000   
5.000000   0.000000   1.520688   1.000000   
0.397144   2.000000   2.519413   1.000000   
0.129019   1.000000   1.878681   0.000000   
2.280608   2.000000   2.481461   0.000000   
5.000000   0.000000   1.939241   1.000000   
1.276716   2.000000   2.328010   1.000000   
2.089276   1.000000   2.086340   0.000000   
2.214243   1.000000   1.601805   0.000000   
5.000000   0.000000   2.026982   1.000000   
3.739677   1.000000   2.229157   0.000000   
1.425963   0.000000   2.306343   1.000000   
0.398540   1.000000   2.231949   0.000000   
3.037048   2.000000   1.593038   1.000000   
2.725715   0.000000   2.135532   0.000000   
0.921830   2.000000   2.372832   1.000000   
5.000000   0.000000   2.004047   1.000000   
0.636339   2.000000   2.051602   0.000000   
3.351688   1.000000   1.531119   1.000000   
1.412334   2.000000   1.569343   1.000000   
0.618316   0.000000   2.447030   1.000000   
0.785802   2.000000   0.974341   1.000000   
4.521352   1.000000   2.404584   1.000000   
2.730673   1.000000   1.822957   1.000000   
0.320560   2.000000   1.536266   0.000000   
1.133660   1.000000   1.674133   1.000000   
1.343120   1.000000   1.979188   0.000000   
4.723668   1.000000   1.576531   1.000000   
1.138360   2.000000   2.154269   0.000000   
2.049090   1.000000   2.266756   1.000000   
0.833187   2.000000   2.012372   0.000000   
0.271692   0.000000   1.787562   1.000000   
2.558452   1.000000   1.302445   1.000000   
0.892552   1.000000   2.085514   0.000000   
4.365464   0.000000   2.058191   1.000000   
5.000000   0.000000   1.669356   0.000000   
0.126580   1.000000   1.988658   1.000000   
3.183357   2.000000   2.260486   1.000000   
5.000000   0.000000   1.591734   1.000000   
4.191558   2.000000   2.229135   0.000000   
0.097551   1.000000   2.059699   0.000000   
0.396468   1.000000   1.996628   1.000000   
0.424112   1.000000   2.510053   1.000000   
0.965985   2.000000   2.452479   1.000000   
3.233475   1.000000   1.726839   0.000000   
5.000000   0.000000   1.410079   1.000000   
4.557875   1.000000   1.646150   1.000000   
0.099031   0.000000   2.672710   0.000000   
0.213876   1.000000   2.656523   0.000000   
5.000000   0.000000   2.238529   1.000000   
1.887330   1.000000   1.642202   0.000000   
5.000000   0.000000   2.034477   1.000000   
0.756069   1.000000   1.711370   0.000000   
1.163730   1.000000   1.848426   1.000000   
1.085730   2.000000   1.735239   0.000000   
0.099152   0.000000   1.855596   1.000000   
0.150766   1.000000   1.814046   1.000000   
2.995393   0.000000   2.227379   1.000000   
2.445426   2.000000   1.900123   0.000000   
3.275177   1.000000   1.793649   0.000000   
5.000000   0.000000   1.383948   1.000000   
2.922346   0.000000   2.020913   1.000000   
0.262726   1.000000   1.840649   0.000000   
1.120993   1.000000   2.165111   1.000000   
2.460050   2.000000   1.850623   1.000000   
5.000000   0.000000   1.747313   1.000000   
0.530693   2.000000   2.028613   0.000000   
2.767556   2.000000   1.724852   0.000000   
5.000000   0.000000   2.004400   0.000000   
5.000000   0.000000   2.047742   1.000000   
0.425902   1.000000   2.324502   0.000000   
0.073471   2.000000   1.996183   1.000000   
1.749074   1.000000   2.124724   1.000000   
2.628760   2.000000   1.683316   1.000000   
5.000000   0.000000   1.938873   1.000000   
5.000000   0.000000   2.113515   1.000000   
4.631855   1.000000   2.130944   0.000000   
5.000000   0.000000   1.799190   1.000000   
1.898805   0.000000   1.728028   1.000000   
5.000000   0.000000   1.831678   1.000000   
3.623224   1.000000   1.928823   1.000000   
0.415791   0.000000   2.133309   1.000000   
0.081073   1.000000   2.117042   1.000000   
0.795724   2.000000   1.964270   0.000000   
5.000000   0.000000   2.228595   1.000000   
1.554378   2.000000   2.338684   1.000000   
2.300160   1.000000   2.035298   0.000000   
5.000000   0.000000   2.064273   1.000000   
5.000000   0.000000   2.383851   1.000000   
5.000000   0.000000   2.113673   1.000000   
5.000000   0.000000   2.544703   1.000000   
5.000000   0.000000   2.272670   1.000000   
5.000000   0.000000   1.900537   1.000000   
5.000000   0.000000   1.680224   0.000000   
0.320536   1.000000   2.210207   1.000000   
5.000000   0.000000   2.313626   0.000000   
1.150869   0.000000   2.543132   1.000000   
1.431847   2.000000   2.197983   0.000000   
0.149332   2.000000   1.709989   0.000000   
1.673089   1.000000   2.148950   0.000000   
0.654697   2.000000   1.804010   0.000000   
1.437843   1.000000   1.902573   0.000000   
0.274936   0.000000   1.859821   1.000000   
0.493678   0.000000   1.900155   1.000000   
2.008068   2.000000   1.538865   1.000000   
5.000000   0.000000   2.075543   1.000000   
5.000000   0.000000   2.042039   1.000000   
1.470344   2.000000   2.232429   1.000000   
0.056796   2.000000   2.377521   1.000000   
1.492649   2.000000   2.011083   1.000000   
5.000000   0.000000   2.246783   1.000000   
3.698152   1.000000   1.680807   1.000000   
4.947515   2.000000   2.025534   1.000000   
2.122342   0.000000   1.826752   0.000000   
0.955957   0.000000   2.041615   1.000000   
4.476477   2.000000   1.537700   0.000000   
2.637225   1.000000   1.889808   0.000000   
5.000000   0.000000   2.322967   0.000000   
2.543704   1.000000   1.831913   1.000000   
1.953960   2.000000   1.778735   1.000000   
0.147770   0.000000   2.162431   0.000000   
2.854391   0.000000   1.848015   1.000000   
5.000000   0.000000   2.645125   1.000000   
2.071498   2.000000   2.307442   1.000000   
5.000000   0.000000   1.457426   1.000000   
0.533835   1.000000   2.165188   0.000000   
1.396399   0.000000   1.576741   1.000000   
1.548535   1.000000   2.292710   1.000000   
1.065740   1.000000   2.267715   0.000000   
1.040496   2.000000   1.780589   0.000000   
0.366389   2.000000   2.019552   0.000000   
1.303540   1.000000   2.025146   1.000000   
0.933900   1.000000   2.049228   1.000000   
5.000000   0.000000   2.093884   1.000000   
0.581374   0.000000   1.989292   0.000000   
0.775174   2.000000   2.142339   0.000000   
5.000000   0.000000   1.440187   0.000000   
5.000000   0.000000   2.024843   1.000000   
2.635521   2.000000   1.609448   1.000000   
1.869179   2.000000   2.210411   0.000000   
4.266554   2.000000   1.788283   0.000000   
2.467218   2.000000   2.242874   1.000000   
1.646914   0.000000   2.101804   1.000000   
0.684849   1.000000   1.685450   0.000000   
0.502153   2.000000   1.603990   0.000000   
4.640177   1.000000   1.937401   1.000000   
0.626085   1.000000   1.878619   0.000000   
0.559306   1.000000   2.510892   0.000000   
1.417136   2.000000   2.265048   0.000000   
0.987477   1.000000   2.213255   0.000000   
0.328168   1.000000   2.014345   0.000000   
4.167560   1.000000   1.601233   1.000000   
5.000000   0.000000   1.513586   1.000000   
0.582492   2.000000   1.830064   0.000000   
0.714571   1.000000   1.962920   1.000000   
5.000000   0.000000   2.250374   0.000000   
3.744684   2.000000   1.671551   1.000000   
2.101955   1.000000   1.891404   0.000000   
0.165884   2.000000   2.334839   0.000000   
5.000000   0.000000   2.275764   0.000000   
1.046011   1.000000   2.357444   0.000000   
3.002813   1.000000   1.882315   0.000000   
5.000000   0.000000   2.791542   0.000000   
2.984378   2.000000   2.301103   0.000000   
1.906994   0.000000   2.125061   1.000000   
0.764342   2.000000   1.811122   0.000000   
1.285804   1.000000   2.004501   0.000000   
5.000000   0.000000   1.551517   0.000000   
1.006026   0.000000   1.934287   1.000000   
1.054707   2.000000   1.366799   0.000000   
5.000000   0.000000   1.788039   1.000000   
5.000000   0.000000   2.193585   1.000000   
0.118179   1.000000   2.227698   1.000000   
5.000000   0.000000   1.998714   1.000000   
2.000820   2.000000   2.434553   1.000000   
2.886054   2.000000   2.063881   0.000000   
0.602789   2.000000   1.439976   0.000000   
1.420442   2.000000   1.732458   0.000000   
0.135671   1.000000   1.989009   0.000000   
5.000000   0.000000   2.072738   1.000000   
0.840058   0.000000   1.639295   1.000000   
1.848771   2.000000   1.994671   0.000000   
1.283832   1.000000   1.972247   0.000000   
0.434628   1.000000   2.090465   1.000000   
5.000000   0.000000   2.164693   1.000000   
2.427206   2.000000   2.590868   1.000000   
5.000000   0.000000   1.819307   1.000000   
2.944448   1.000000   2.141611   1.000000   
0.218312   1.000000   2.242456   0.000000   
0.016062   1.000000   1.524744   0.000000   
1.033819   2.000000   2.216972   0.000000   
0.671281   2.000000   1.975435   0.000000   
5.000000   0.000000   1.498292   1.000000   
5.000000   0.000000   2.253699   1.000000   
0.038277   2.000000   1.868264   0.000000   
0.127453   2.000000   2.256443   0.000000   
5.000000   0.000000   1.839577   1.000000   
5.000000   0.000000   1.921666   1.000000   
0.876155   1.000000   2.202860   1.000000   
0.088750   1.000000   2.138456   0.000000   
0.848181   2.000000   2.480861   0.000000   
5.000000   0.000000   2.141637   1.000000   
1.876004   2.000000   2.206513   1.000000   
2.699069   2.000000   2.438505   1.000000   
5.000000   0.000000   2.561062   1.000000   
0.341935   1.000000   1.751348   0.000000   
5.000000   0.000000   1.975398   1.000000   
5.000000   0.000000   2.386950   1.000000   
0.317118   0.000000   2.609274   1.000000   
0.940514   1.000000   2.538569   1.000000   
1.834752   2.000000   2.071678   0.000000   
5.000000   0.000000   1.807027   1.000000   
2.098942   0.000000   2.258624   1.000000   
0.525313   1.000000   1.583946   0.000000   
0.271132   2.000000   1.514512   0.000000   
0.744595   1.000000   2.387380   1.000000   
3.455989   2.000000   2.146734   0.000000   
0.617400   0.000000   2.402648   1.000000   
3.332534   1.000000   1.585331   0.000000   
5.000000   0.000000   1.597598   1.000000   
0.253618   2.000000   1.998937   0.000000   
1.701560   2.000000   1.838978   0.000000   
0.608116   1.000000   2.405298   0.000000   
0.266364   2.000000   1.909809   0.000000   
2.525859   0.000000   2.131408   1.000000   
5.000000   0.000000   2.447408   1.000000   
3.499782   1.000000   1.830874   1.000000   
0.010404   0.000000   1.867892   0.000000   
2.929604   2.000000   2.290463   0.000000   
2.246615   2.000000   2.088708   0.000000   
0.262635   1.000000   2.245727   1.000000   
5.000000   0.000000   1.767827   1.000000   
2.175068   1.000000   2.147115   1.000000   
2.653820   1.000000   1.772081   0.000000   
1.094590   2.000000   2.054283   0.000000   
3.491768   0.000000   1.567776   0.000000   
1.805519   2.000000   2.450272   0.000000   
0.171081   1.000000   1.791416   0.000000   
0.742043   1.000000   1.898536   0.000000   
4.191499   1.000000   1.995472   0.000000   
5.000000   0.000000   1.526610   1.000000   
0.110644   2.000000   2.015072   0.000000   
2.846471   1.000000   2.067231   0.000000   
5.000000   0.000000   2.085183   1.000000   
2.804070   2.000000   1.990097   1.000000   
0.489288   0.000000   1.737675   1.000000   
3.492446   1.000000   1.873415   0.000000   
5.000000   0.000000   2.071583   1.000000   
5.000000   0.000000   1.994263   1.000000   
5.000000   0.000000   2.220386   1.000000   
3.592674   1.000000   1.828619   1.000000   
2.460948   2.000000   2.422036   1.000000   
0.464652   0.000000   1.672836   1.000000   
2.863966   1.000000   2.085663   0.000000   
0.503917   1.000000   2.445890   1.000000   
0.539216   2.000000   1.747335   1.000000   
5.000000   0.000000   2.143252   0.000000   
0.728434   1.000000   2.317038   1.000000   
5.000000   0.000000   2.119322   1.000000   
1.371159   0.000000   1.953971   0.000000   
1.088591   1.000000   2.172086   0.000000   
0.898970   0.000000   2.455991   1.000000   
0.646499   1.000000   1.731254   0.000000   
0.171296   1.000000   2.670473   1.000000   
0.121180   2.000000   2.132033   0.000000   
2.049820   0.000000   2.642850   1.000000   
5.000000   0.000000   2.190026   1.000000   
2.864006   2.000000   2.212839   0.000000   
1.585934   2.000000   1.888524   0.000000   
3.633464   1.000000   1.991384   1.000000   
5.000000   0.000000   1.502059   1.000000   
5.000000   0.000000   2.081593   1.000000   
4.240141   0.000000   2.176916   1.000000   
5.000000   0.000000   2.070487   0.000000   
0.085533   2.000000   1.789757   0.000000   
2.528987   0.000000   1.405296   0.000000   
2.639057   1.000000   1.959017   1.000000   
0.395316   1.000000   1.901398   0.000000   
0.382016   1.000000   2.414827   0.000000   
2.290717   1.000000   2.563329   1.000000   
1.106733   0.000000   2.314036   1.000000   
5.000000   0.000000   1.707694   1.000000   
0.627857   1.000000   2.189054   0.000000   
0.446011   2.000000   2.269890   0.000000   
5.000000   0.000000   1.664289   1.000000   
5.000000   0.000000   2.147472   0.000000   
0.457485   2.000000   2.051656   1.000000   
1.804305   1.000000   2.084914   0.000000   
5.000000   0.000000   2.051770   1.000000   
0.017256   1.000000   2.455508   0.000000   
5.000000   0.000000   1.730320   1.000000   
5.000000   0.000000   2.696538   1.000000   
0.359931   1.000000   1.910876   0.000000   
5.000000   0.000000   2.197436   1.000000   
3.755241   0.000000   1.556551   0.000000   
5.000000   0.000000   1.868057   1.000000   
5.000000   0.000000   1.840158   1.000000   
5.000000   0.000000   2.148174   1.000000   
0.383292   2.000000   1.488887   0.000000   
5.000000   0.000000   1.996275   1.000000   
0.256208   2.000000   2.122250   0.000000   
5.000000   0.000000   1.996898   1.000000   
1.837617   2.000000   1.529768   0.000000   
4.451308   2.000000   1.737849   0.000000   
2.333739   1.000000   1.866439   1.000000   
5.000000   0.000000   1.636644   1.000000   
0.149542   1.000000   1.753752   1.000000   
0.599408   0.000000   1.349635   0.000000   
0.009397   2.000000   2.292476   0.000000   
1.303019   1.000000   2.092164   0.000000   
0.653784   1.000000   2.245513   0.000000   
0.125397   2.000000   1.728291   0.000000   
1.727183   1.000000   1.944585   0.000000   
1.829622   1.000000   1.902783   0.000000   
1.421422   0.000000   2.238838   0.000000   
1.231024   2.000000   1.472106   0.000000   
0.726072   0.000000   2.075788   1.000000   
0.651172   1.000000   1.654866   0.000000   
1.848645   2.000000   1.799930   0.000000   
1.407301   1.000000   2.093031   0.000000   
5.000000   0.000000   2.326867   1.000000   
5.000000   0.000000   1.768905   1.000000   
2.272643   1.000000   2.148417   1.000000   
5.000000   0.000000   2.288967   1.000000   
1.032222   1.000000   1.723168   0.000000   
0.331318   2.000000   2.116442   0.000000   
1.232895   2.000000   1.407196   0.000000   
4.118451   1.000000   1.758873   1.000000   
0.755711   2.000000   2.174516   0.000000   
1.466382   1.000000   2.345478   0.000000   
2.430636   1.000000   2.319382   1.000000   
0.841851   0.000000   2.065943   1.000000   
0.420571   2.000000   2.328355   0.000000   
0.584913   2.000000   2.140532   0.000000   
5.000000   0.000000   2.163172   1.000000   
0.320850   2.000000   1.754397   0.000000   
0.319379   1.000000   2.536782   1.000000   
0.311550   1.000000   2.098035   0.000000   
0.052406   2.000000   1.778479   0.000000   
1.293641   2.000000   2.418373   0.000000   
0.682731   2.000000   1.756599   0.000000   
1.844481   2.000000   1.554677   0.000000   
5.000000   0.000000   1.837381   1.000000   
1.304037   2.000000   2.345604   0.000000   
1.829334   2.000000   1.946080   1.000000   
0.522256   1.000000   2.040437   1.000000   
5.000000   0.000000   1.938950   1.000000   
2.130719   1.000000   1.879652   1.000000   
5.000000   0.000000   1.667371   1.000000   
5.000000   0.000000   1.554638   1.000000   
5.000000   0.000000   2.299556   1.000000   
0.954126   1.000000   1.611132   1.000000   
5.000000   0.000000   1.722246   1.000000   
0.322369   2.000000   2.108836   1.000000   
3.050305   0.000000   1.424726   1.000000   
5.000000   0.000000   1.974187   1.000000   
3.285318   2.000000   2.068518   0.000000   
4.468939   1.000000   1.555302   1.000000   
5.000000   0.000000   1.973356   0.000000   
5.000000   0.000000   2.273515   1.000000   
5.000000   0.000000   2.009497   1.000000   
0.865082   1.000000   2.317512   0.000000   
0.674986   2.000000   1.089077   0.000000   
1.763653   0.000000   1.757507   1.000000   
0.233438   2.000000   2.027871   0.000000   
2.427211   2.000000   2.151850   0.000000   
0.222018   2.000000   1.894058   1.000000   
3.109573   1.000000   1.940276   1.000000   
3.999168   1.000000   1.761996   0.000000   
0.776073   1.000000   2.224550   0.000000   
3.076491   1.000000   1.887828   0.000000   
0.324596   1.000000   2.087936   0.000000   
3.874639   2.000000   2.522645   1.000000   
1.418198   1.000000   2.228034   1.000000   
0.540033   1.000000   2.046638   0.000000   
3.635261   1.000000   1.945278   1.000000   
5.000000   0.000000   1.889294   1.000000   
5.000000   0.000000   2.220839   1.000000   
0.691338   1.000000   2.076442   0.000000   
5.000000   0.000000   1.885473   1.000000   
3.520722   1.000000   1.842293   1.000000   
2.177518   1.000000   2.176345   1.000000   
1.692432   1.000000   1.961977   1.000000   
5.000000   0.000000   2.258532   1.000000   
1.589605   1.000000   1.576291   1.000000   
5.000000   0.000000   1.985102   1.000000   
0.084877   2.000000   2.018090   1.000000   
0.071261   1.000000   2.478785   0.000000   
0.892934   1.000000   1.124291   0.000000   
5.000000   0.000000   2.050338   1.000000   
3.275511   2.000000   2.027250   0.000000   
0.977141   1.000000   1.976191   1.000000   
3.471671   0.000000   1.573196   1.000000   
1.213242   1.000000   2.196852   0.000000   
0.310444   2.000000   2.324225   0.000000   
5.000000   0.000000   1.925362   1.000000   
1.455025   1.000000   1.689683   0.000000   
2.451052   1.000000   1.887882   0.000000   
0.250717   2.000000   1.841613   1.000000   
1.377483   0.000000   1.553682   0.000000   
5.000000   0.000000   2.195885   1.000000   
3.145637   2.000000   1.960546   1.000000   
0.815317   2.000000   2.436395   0.000000   
4.146538   1.000000   1.777143   1.000000   
2.438472   2.000000   1.851397   1.000000   
0.130680   2.000000   1.909455   1.000000   
0.517675   1.000000   2.201367   1.000000   
5.000000   0.000000   1.879321   0.000000   
0.461332   1.000000   2.017908   0.000000   
5.000000   0.000000   1.268607   0.000000   
0.527894   1.000000   2.026802   1.000000   
1.063041   2.000000   2.319255   1.000000   
5.000000   0.000000   1.801183   1.000000   
5.000000   0.000000   1.749425   1.000000   
0.182158   1.000000   2.371269   0.000000   
3.838886   1.000000   2.121210   0.000000   
0.206460   1.000000   1.687675   0.000000   
5.000000   0.000000   1.377159   1.000000   
3.350559   1.000000   1.944854   1.000000   
0.215196   1.000000   2.237089   1.000000   
0.160974   2.000000   2.218106   0.000000   
4.508951   1.000000   2.233742   1.000000   
5.000000   0.000000   2.143315   1.000000   
1.132706   1.000000   2.087367   0.000000   
1.541811   2.000000   2.043029   1.000000   
1.938206   2.000000   2.332472   0.000000   
0.404591   2.000000   2.244599   0.000000   
5.000000   0.000000   1.447215   0.000000   
5.000000   0.000000   2.003700   0.000000   
4.793397   0.000000   1.615634   0.000000   
1.079969   1.000000   2.269928   0.000000   
2.262975   1.000000   2.351834   1.000000   
0.703312   1.000000   2.315076   0.000000   
5.000000   0.000000   1.825264   1.000000   
0.435138   0.000000   2.221991   0.000000   
1.456521   1.000000   1.548477   1.000000   
5.000000   0.000000   1.892297   1.000000   
0.575222   0.000000   1.725044   1.000000   
1.186554   2.000000   2.283972   0.000000   
0.072587   1.000000   2.397483   0.000000   
2.251847   2.000000   1.988682   0.000000   
0.247308   2.000000   2.245791   0.000000   
5.000000   0.000000   2.381242   1.000000   
3.424453   2.000000   1.920272   0.000000   
2.237820   2.000000   1.719295   0.000000   
4.644197   2.000000   2.046178   1.000000   
2.579168   0.000000   1.976279   1.000000   
5.000000   0.000000   1.964849   1.000000   
0.554334   1.000000   1.997801   0.000000   
2.639750   1.000000   2.060686   0.000000   
5.000000   0.000000   1.940428   1.000000   
0.028742   1.000000   1.701318   1.000000   
0.803546   1.000000   1.920344   0.000000   
0.297980   2.000000   2.260638   0.000000   
1.756205   1.000000   2.308668   0.000000   
0.725564   2.000000   2.217426   0.000000   
0.353918   0.000000   2.402972   1.000000   
1.270002   1.000000   1.749548   0.000000   
4.676524   2.000000   2.441020   1.000000   
5.000000   0.000000   1.966161   1.000000   
0.454396   1.000000   2.676545   0.000000   
3.730370   1.000000   2.217100   1.000000   
1.961987   2.000000   1.943797   0.000000   
5.000000   0.000000   1.820818   0.000000   
5.000000   0.000000   1.952227   0.000000   
0.033856   1.000000   1.843102   1.000000   
2.509565   1.000000   2.148597   0.000000   
1.595676   2.000000   1.931236   0.000000   
0.100289   1.000000   1.796414   1.000000   
2.314941   2.000000   1.594702   0.000000   
5.000000   0.000000   1.955508   1.000000   
3.979664   1.000000   2.317174   1.000000   
1.204272   1.000000   1.694544   1.000000   
5.000000   0.000000   2.157059   1.000000   
2.599536   0.000000   2.074484   0.000000   
0.152040   1.000000   2.291239   0.000000   
3.923651   0.000000   1.727377   1.000000   
0.893212   1.000000   1.586229   1.000000   
1.277593   2.000000   1.923347   0.000000   
5.000000   0.000000   1.923310   0.000000   
5.000000   0.000000   1.862178   1.000000   
0.517719   1.000000   1.865255   0.000000   
1.766006   2.000000   2.722565   0.000000   
3.173965   1.000000   2.006943   0.000000   
1.346501   1.000000   2.579012   1.000000   
5.000000   0.000000   1.885195   1.000000   
5.000000   0.000000   2.006954   1.000000   
3.349091   0.000000   2.469736   1.000000   
3.240551   1.000000   2.482805   0.000000   
0.668451   2.000000   2.077293   0.000000   
0.273582   1.000000   2.111548   0.000000   
1.330915   1.000000   1.712891   0.000000   
0.134095   2.000000   2.085608   0.000000   
2.735584   1.000000   2.231552   1.000000   
0.253519   2.000000   1.940351   0.000000   
5.000000   0.000000   1.401590   1.000000   
